[[0.]]
[[0.40041268]]
[[0.40551694]]
[[0.40888358]]
[[0.41322763]]
[[0.41626846]]
[[0.41887489]]
[[0.42169852]]
[[0.42397915]]
[[0.42701998]]
[[0.42984361]]
[[0.43223284]]
[[0.43451347]]
[[0.4371199]]
[[0.43874891]]
[[0.44102954]]
[[0.44341877]]
[[0.44537359]]
[[0.44754561]]
[[0.44960904]]
[[0.45275847]]
[[0.45482189]]
[[0.45710252]]
[[0.45873154]]
[[0.46036056]]
[[0.46231538]]
[[0.4641616]]
[[0.46535621]]
[[0.46796264]]
[[0.46970026]]
[[0.47111208]]
[[0.47252389]]
[[0.47404431]]
[[0.47599913]]
[[0.47751955]]
[[0.47871416]]
[[0.48142919]]
[[0.48327541]]
[[0.48490443]]
[[0.48696785]]
[[0.48881407]]
[[0.49055169]]
[[0.49239791]]
[[0.49467854]]
[[0.49609036]]
[[0.49782798]]
[[0.49923979]]
[[0.50119461]]
[[0.50293223]]
[[0.50510426]]
[[0.50651607]]
[[0.50803649]]
[[0.50977411]]
[[0.51151173]]
[[0.51281494]]
[[0.51422676]]
[[0.51596438]]
[[0.51715899]]
[[0.51933102]]
[[0.52052563]]
[[0.52258905]]
[[0.52454387]]
[[0.52606429]]
[[0.52801911]]
[[0.52953953]]
[[0.53095135]]
[[0.53171156]]
[[0.53377498]]
[[0.5356212]]
[[0.53779322]]
[[0.54018245]]
[[0.54202867]]
[[0.54354909]]
[[0.54572111]]
[[0.54735013]]
[[0.54887055]]
[[0.55039096]]
[[0.55310599]]
[[0.55484361]]
[[0.55636403]]
[[0.55668983]]
[[0.55853606]]
[[0.55994787]]
[[0.56103388]]
[[0.5626629]]
[[0.56374891]]
[[0.56548653]]
[[0.56657255]]
[[0.56809296]]
[[0.56961338]]
[[0.57080799]]
[[0.57200261]]
[[0.57352302]]
[[0.57482624]]
[[0.57602085]]
[[0.57754127]]
[[0.57764987]]
[[0.57862728]]
[[0.57971329]]
[[0.58134231]]
[[0.58373154]]
[[0.58438315]]
[[0.58536056]]
[[0.58688097]]
[[0.58764118]]
[[0.5894874]]
[[0.59079062]]
[[0.59198523]]
[[0.59285404]]
[[0.59459166]]
[[0.59567767]]
[[0.59654648]]
[[0.5980669]]
[[0.59958732]]
[[0.60089053]]
[[0.60197654]]
[[0.60306255]]
[[0.60382276]]
[[0.60556038]]
[[0.6071894]]
[[0.60816681]]
[[0.60903562]]
[[0.61012163]]
[[0.61164205]]
[[0.61283666]]
[[0.61424848]]
[[0.6158775]]
[[0.61685491]]
[[0.61837533]]
[[0.61924414]]
[[0.62000434]]
[[0.62141616]]
[[0.62282798]]
[[0.62445699]]
[[0.6253258]]
[[0.62652042]]
[[0.62760643]]
[[0.62825804]]
[[0.62923545]]
[[0.62999566]]
[[0.63184188]]
[[0.6336881]]
[[0.63477411]]
[[0.63575152]]
[[0.63683753]]
[[0.63781494]]
[[0.63944396]]
[[0.64063858]]
[[0.64172459]]
[[0.64335361]]
[[0.64443962]]
[[0.64498262]]
[[0.64617724]]
[[0.64737185]]
[[0.64889227]]
[[0.64986968]]
[[0.65106429]]
[[0.65247611]]
[[0.65323632]]
[[0.65421373]]
[[0.65562554]]
[[0.65682016]]
[[0.65747176]]
[[0.65844917]]
[[0.65888358]]
[[0.65986099]]
[[0.660404]]
[[0.66116421]]
[[0.66246742]]
[[0.66344483]]
[[0.66442224]]
[[0.66539965]]
[[0.66659427]]
[[0.66746308]]
[[0.66854909]]
[[0.6699609]]
[[0.67082971]]
[[0.67202433]]
[[0.67289314]]
[[0.67430495]]
[[0.67517376]]
[[0.67691138]]
[[0.67799739]]
[[0.67919201]]
[[0.68060382]]
[[0.68190704]]
[[0.68255864]]
[[0.68375326]]
[[0.68494787]]
[[0.68549088]]
[[0.68668549]]
[[0.6878801]]
[[0.68864031]]
[[0.68961772]]
[[0.69026933]]
[[0.69146394]]
[[0.69244136]]
[[0.69428758]]
[[0.69515639]]
[[0.6966768]]
[[0.69776281]]
[[0.69852302]]
[[0.69917463]]
[[0.70004344]]
[[0.70123805]]
[[0.70156386]]
[[0.70221546]]
[[0.70297567]]
[[0.70417029]]
[[0.7051477]]
[[0.70590791]]
[[0.70677672]]
[[0.70786273]]
[[0.70862294]]
[[0.70905734]]
[[0.70949175]]
[[0.71003475]]
[[0.71133797]]
[[0.71166377]]
[[0.71220678]]
[[0.71318419]]
[[0.714053]]
[[0.71481321]]
[[0.71568202]]
[[0.71644222]]
[[0.71709383]]
[[0.71741964]]
[[0.71828844]]
[[0.71904865]]
[[0.71959166]]
[[0.72089487]]
[[0.72230669]]
[[0.7235013]]
[[0.72447871]]
[[0.72480452]]
[[0.72545613]]
[[0.72654214]]
[[0.72751955]]
[[0.72860556]]
[[0.72936577]]
[[0.73001738]]
[[0.73066898]]
[[0.73153779]]
[[0.73262381]]
[[0.73360122]]
[[0.73414422]]
[[0.73436142]]
[[0.73555604]]
[[0.73664205]]
[[0.73751086]]
[[0.73794526]]
[[0.73935708]]
[[0.74011729]]
[[0.74055169]]
[[0.7413119]]
[[0.74185491]]
[[0.74228931]]
[[0.74261512]]
[[0.74294092]]
[[0.74380973]]
[[0.74435274]]
[[0.74500434]]
[[0.74565595]]
[[0.74641616]]
[[0.74706777]]
[[0.74815378]]
[[0.74891399]]
[[0.74945699]]
[[0.7503258]]
[[0.75097741]]
[[0.75141182]]
[[0.75238923]]
[[0.75369244]]
[[0.75434405]]
[[0.75499566]]
[[0.75564726]]
[[0.75651607]]
[[0.75727628]]
[[0.75836229]]
[[0.7587967]]
[[0.75955691]]
[[0.76042572]]
[[0.76151173]]
[[0.76259774]]
[[0.76314075]]
[[0.76346655]]
[[0.76411816]]
[[0.76542137]]
[[0.76639878]]
[[0.76715899]]
[[0.7675934]]
[[0.76867941]]
[[0.76954822]]
[[0.76998262]]
[[0.77096003]]
[[0.77161164]]
[[0.77291486]]
[[0.77389227]]
[[0.77443527]]
[[0.77552129]]
[[0.7763901]]
[[0.77725891]]
[[0.77791051]]
[[0.77888792]]
[[0.77953953]]
[[0.77997394]]
[[0.78051694]]
[[0.78127715]]
[[0.78192876]]
[[0.78279757]]
[[0.78355778]]
[[0.78453519]]
[[0.7855126]]
[[0.78616421]]
[[0.78692441]]
[[0.78746742]]
[[0.78844483]]
[[0.78931364]]
[[0.78963944]]
[[0.79029105]]
[[0.79115986]]
[[0.79170287]]
[[0.79235447]]
[[0.79268028]]
[[0.79300608]]
[[0.79376629]]
[[0.7942007]]
[[0.7949609]]
[[0.79550391]]
[[0.79637272]]
[[0.79702433]]
[[0.79745873]]
[[0.79821894]]
[[0.79887055]]
[[0.79963076]]
[[0.80006516]]
[[0.80017376]]
[[0.80125977]]
[[0.80169418]]
[[0.80245439]]
[[0.80299739]]
[[0.8035404]]
[[0.8038662]]
[[0.80516942]]
[[0.80592963]]
[[0.80636403]]
[[0.80679844]]
[[0.80712424]]
[[0.80734144]]
[[0.80777585]]
[[0.80831885]]
[[0.80886186]]
[[0.80983927]]
[[0.81070808]]
[[0.81157689]]
[[0.8121199]]
[[0.8125543]]
[[0.81309731]]
[[0.81342311]]
[[0.81429192]]
[[0.81494353]]
[[0.81548653]]
[[0.81635534]]
[[0.81744136]]
[[0.81776716]]
[[0.81809296]]
[[0.81863597]]
[[0.81939618]]
[[0.82015639]]
[[0.82091659]]
[[0.8216768]]
[[0.82254561]]
[[0.82287142]]
[[0.82341442]]
[[0.82428323]]
[[0.82450043]]
[[0.82482624]]
[[0.82536924]]
[[0.82569505]]
[[0.82623805]]
[[0.82645526]]
[[0.82699826]]
[[0.82754127]]
[[0.82808427]]
[[0.82873588]]
[[0.82960469]]
[[0.8302563]]
[[0.83101651]]
[[0.83166811]]
[[0.83210252]]
[[0.83307993]]
[[0.83373154]]
[[0.83460035]]
[[0.83503475]]
[[0.83579496]]
[[0.83633797]]
[[0.83677237]]
[[0.83742398]]
[[0.83807559]]
[[0.83840139]]
[[0.8389444]]
[[0.8393788]]
[[0.83992181]]
[[0.84035621]]
[[0.84068202]]
[[0.84122502]]
[[0.84165943]]
[[0.84220243]]
[[0.84252824]]
[[0.84285404]]
[[0.84361425]]
[[0.84404865]]
[[0.84426586]]
[[0.84480886]]
[[0.84535187]]
[[0.84622068]]
[[0.84698089]]
[[0.84763249]]
[[0.8482841]]
[[0.8485013]]
[[0.84893571]]
[[0.84947871]]
[[0.84947871]]
[[0.84969592]]
[[0.85034752]]
[[0.85099913]]
[[0.85132493]]
[[0.85197654]]
[[0.85241095]]
[[0.85338836]]
[[0.85371416]]
[[0.85512598]]
[[0.85566898]]
[[0.85588619]]
[[0.85599479]]
[[0.8568636]]
[[0.85762381]]
[[0.85805821]]
[[0.85860122]]
[[0.85881842]]
[[0.85968723]]
[[0.86023023]]
[[0.86131625]]
[[0.86164205]]
[[0.86175065]]
[[0.86229366]]
[[0.86251086]]
[[0.86327107]]
[[0.86348827]]
[[0.86370547]]
[[0.86392268]]
[[0.86435708]]
[[0.86500869]]
[[0.86555169]]
[[0.8658775]]
[[0.8660947]]
[[0.8664205]]
[[0.86685491]]
[[0.86728931]]
[[0.86794092]]
[[0.86815812]]
[[0.86870113]]
[[0.86891833]]
[[0.86935274]]
[[0.86978714]]
[[0.87000434]]
[[0.87087315]]
[[0.87109036]]
[[0.87141616]]
[[0.87163336]]
[[0.87195917]]
[[0.87271937]]
[[0.87326238]]
[[0.87380539]]
[[0.87413119]]
[[0.87423979]]
[[0.87434839]]
[[0.8746742]]
[[0.875]]
[[0.8753258]]
[[0.87565161]]
[[0.87619461]]
[[0.87695482]]
[[0.87728063]]
[[0.87782363]]
[[0.87782363]]
[[0.87847524]]
[[0.87890964]]
[[0.87923545]]
[[0.87956125]]
[[0.87988705]]
[[0.88053866]]
[[0.88064726]]
[[0.88151607]]
[[0.88205908]]
[[0.88238488]]
[[0.88292789]]
[[0.88336229]]
[[0.8835795]]
[[0.8835795]]
[[0.8839053]]
[[0.8841225]]
[[0.88455691]]
[[0.88520851]]
[[0.88542572]]
[[0.88618593]]
[[0.88662033]]
[[0.88716334]]
[[0.88770634]]
[[0.88792354]]
[[0.88846655]]
[[0.88911816]]
[[0.88966116]]
[[0.89031277]]
[[0.89052997]]
[[0.89085578]]
[[0.89118158]]
[[0.89150738]]
[[0.89215899]]
[[0.8924848]]
[[0.8928106]]
[[0.893245]]
[[0.89357081]]
[[0.89389661]]
[[0.89433102]]
[[0.89465682]]
[[0.89498262]]
[[0.89519983]]
[[0.89530843]]
[[0.89552563]]
[[0.89585143]]
[[0.89650304]]
[[0.89661164]]
[[0.89672024]]
[[0.89704605]]
[[0.89715465]]
[[0.89748045]]
[[0.89758905]]
[[0.89780626]]
[[0.89791486]]
[[0.89867507]]
[[0.89932667]]
[[0.89954387]]
[[0.89997828]]
[[0.90052129]]
[[0.90084709]]
[[0.90106429]]
[[0.9013901]]
[[0.9019331]]
[[0.90225891]]
[[0.90258471]]
[[0.90280191]]
[[0.90323632]]
[[0.90367072]]
[[0.90399652]]
[[0.90443093]]
[[0.90475673]]
[[0.90508254]]
[[0.90540834]]
[[0.90584275]]
[[0.90595135]]
[[0.90649435]]
[[0.90682016]]
[[0.90758036]]
[[0.90790617]]
[[0.90823197]]
[[0.90844917]]
[[0.90855778]]
[[0.90899218]]
[[0.90910078]]
[[0.90910078]]
[[0.90920938]]
[[0.90931798]]
[[0.90964379]]
[[0.90975239]]
[[0.91007819]]
[[0.9108384]]
[[0.91116421]]
[[0.91159861]]
[[0.91181581]]
[[0.91225022]]
[[0.91225022]]
[[0.91225022]]
[[0.91268462]]
[[0.91301043]]
[[0.91322763]]
[[0.91366203]]
[[0.91387924]]
[[0.91420504]]
[[0.91463944]]
[[0.91485665]]
[[0.91507385]]
[[0.91550825]]
[[0.91583406]]
[[0.91605126]]
[[0.91648566]]
[[0.91681147]]
[[0.91735447]]
[[0.91789748]]
[[0.91822328]]
[[0.91898349]]
[[0.9193093]]
[[0.9198523]]
[[0.9198523]]
[[0.92028671]]
[[0.92050391]]
[[0.92072111]]
[[0.92104692]]
[[0.92169852]]
[[0.92180712]]
[[0.92202433]]
[[0.92224153]]
[[0.92256733]]
[[0.92267593]]
[[0.92354474]]
[[0.92397915]]
[[0.92452215]]
[[0.92506516]]
[[0.92549957]]
[[0.92593397]]
[[0.92636838]]
[[0.92669418]]
[[0.92691138]]
[[0.92701998]]
[[0.92712858]]
[[0.92788879]]
[[0.92799739]]
[[0.9283232]]
[[0.9285404]]
[[0.928649]]
[[0.92930061]]
[[0.92973501]]
[[0.92995222]]
[[0.93038662]]
[[0.93092963]]
[[0.93114683]]
[[0.93114683]]
[[0.93125543]]
[[0.93179844]]
[[0.93201564]]
[[0.93212424]]
[[0.93234144]]
[[0.93245004]]
[[0.93266725]]
[[0.93288445]]
[[0.93310165]]
[[0.93331885]]
[[0.93375326]]
[[0.93418766]]
[[0.93418766]]
[[0.93440487]]
[[0.93451347]]
[[0.93483927]]
[[0.93505647]]
[[0.93505647]]
[[0.93549088]]
[[0.93570808]]
[[0.93625109]]
[[0.93657689]]
[[0.93668549]]
[[0.93668549]]
[[0.93690269]]
[[0.93701129]]
[[0.9371199]]
[[0.9373371]]
[[0.9374457]]
[[0.9375543]]
[[0.9377715]]
[[0.93820591]]
[[0.93874891]]
[[0.93907472]]
[[0.93929192]]
[[0.93983493]]
[[0.93994353]]
[[0.94005213]]
[[0.94092094]]
[[0.94146394]]
[[0.94178975]]
[[0.94189835]]
[[0.94211555]]
[[0.94233275]]
[[0.94233275]]
[[0.94254996]]
[[0.94265856]]
[[0.94287576]]
[[0.94298436]]
[[0.94320156]]
[[0.94352737]]
[[0.94374457]]
[[0.94374457]]
[[0.94396177]]
[[0.94428758]]
[[0.94428758]]
[[0.94461338]]
[[0.94461338]]
[[0.94472198]]
[[0.94493918]]
[[0.94537359]]
[[0.94559079]]
[[0.94580799]]
[[0.9462424]]
[[0.9465682]]
[[0.9467854]]
[[0.94711121]]
[[0.94721981]]
[[0.94721981]]
[[0.94754561]]
[[0.94776281]]
[[0.94787142]]
[[0.94798002]]
[[0.94830582]]
[[0.94852302]]
[[0.94863162]]
[[0.94884883]]
[[0.94895743]]
[[0.94928323]]
[[0.94928323]]
[[0.94993484]]
[[0.95015204]]
[[0.95036924]]
[[0.95058645]]
[[0.95058645]]
[[0.95069505]]
[[0.95091225]]
[[0.95123805]]
[[0.95145526]]
[[0.95145526]]
[[0.95156386]]
[[0.95167246]]
[[0.95188966]]
[[0.95199826]]
[[0.95221546]]
[[0.95275847]]
[[0.95297567]]
[[0.95362728]]
[[0.95406169]]
[[0.95417029]]
[[0.95427889]]
[[0.95449609]]
[[0.95460469]]
[[0.95482189]]
[[0.9549305]]
[[0.9553649]]
[[0.9554735]]
[[0.9556907]]
[[0.9557993]]
[[0.9557993]]
[[0.95612511]]
[[0.95623371]]
[[0.95645091]]
[[0.95645091]]
[[0.95677672]]
[[0.95699392]]
[[0.95742832]]
[[0.95753692]]
[[0.95775413]]
[[0.95807993]]
[[0.95840573]]
[[0.95851434]]
[[0.95851434]]
[[0.95873154]]
[[0.95894874]]
[[0.95905734]]
[[0.95938315]]
[[0.95938315]]
[[0.95981755]]
[[0.96025195]]
[[0.96046916]]
[[0.96057776]]
[[0.96057776]]
[[0.96079496]]
[[0.96101216]]
[[0.96112076]]
[[0.96144657]]
[[0.96166377]]
[[0.96198957]]
[[0.96209818]]
[[0.96220678]]
[[0.96231538]]
[[0.96242398]]
[[0.96264118]]
[[0.96285838]]
[[0.96296699]]
[[0.96307559]]
[[0.96318419]]
[[0.96350999]]
[[0.96383579]]
[[0.96383579]]
[[0.964053]]
[[0.964053]]
[[0.9641616]]
[[0.9642702]]
[[0.9644874]]
[[0.96481321]]
[[0.96492181]]
[[0.96513901]]
[[0.96546481]]
[[0.96579062]]
[[0.96633362]]
[[0.96655083]]
[[0.96676803]]
[[0.96698523]]
[[0.96720243]]
[[0.96720243]]
[[0.96741964]]
[[0.96741964]]
[[0.96763684]]
[[0.96817984]]
[[0.96883145]]
[[0.96894005]]
[[0.96926586]]
[[0.96926586]]
[[0.96937446]]
[[0.96959166]]
[[0.96980886]]
[[0.96980886]]
[[0.96980886]]
[[0.97002606]]
[[0.97002606]]
[[0.97035187]]
[[0.97035187]]
[[0.97056907]]
[[0.97078627]]
[[0.97122068]]
[[0.97132928]]
[[0.97132928]]
[[0.97154648]]
[[0.97165508]]
[[0.97187228]]
[[0.97187228]]
[[0.97219809]]
[[0.97230669]]
[[0.97241529]]
[[0.97252389]]
[[0.97263249]]
[[0.9729583]]
[[0.9729583]]
[[0.9732841]]
[[0.9736099]]
[[0.97415291]]
[[0.97426151]]
[[0.97426151]]
[[0.97437011]]
[[0.97469592]]
[[0.97480452]]
[[0.97480452]]
[[0.97491312]]
[[0.97523892]]
[[0.97534752]]
[[0.97534752]]
[[0.97567333]]
[[0.97589053]]
[[0.97599913]]
[[0.97610773]]
[[0.97621633]]
[[0.97654214]]
[[0.97654214]]
[[0.97675934]]
[[0.97697654]]
[[0.97741095]]
[[0.97751955]]
[[0.97784535]]
[[0.97827976]]
[[0.97838836]]
[[0.97838836]]
[[0.97860556]]
[[0.97893136]]
[[0.97903997]]
[[0.97925717]]
[[0.97947437]]
[[0.97958297]]
[[0.97969157]]
[[0.98012598]]
[[0.98023458]]
[[0.98066898]]
[[0.98110339]]
[[0.98110339]]
[[0.98121199]]
[[0.98142919]]
[[0.98142919]]
[[0.981755]]
[[0.9818636]]
[[0.9819722]]
[[0.9821894]]
[[0.982298]]
[[0.982298]]
[[0.9824066]]
[[0.98262381]]
[[0.98262381]]
[[0.98284101]]
[[0.98327541]]
[[0.98360122]]
[[0.98381842]]
[[0.98414422]]
[[0.98436142]]
[[0.98447003]]
[[0.98468723]]
[[0.98479583]]
[[0.98490443]]
[[0.98501303]]
[[0.98523023]]
[[0.98544744]]
[[0.98577324]]
[[0.98588184]]
[[0.98620765]]
[[0.98642485]]
[[0.98685925]]
[[0.98685925]]
[[0.98718506]]
[[0.98751086]]
[[0.98751086]]
[[0.98783666]]
[[0.98816247]]
[[0.98816247]]
[[0.98837967]]
[[0.98837967]]
[[0.98870547]]
[[0.98881407]]
[[0.98881407]]
[[0.98881407]]
[[0.98913988]]
[[0.98946568]]
[[0.98979149]]
[[0.98990009]]
[[0.99011729]]
[[0.99011729]]
[[0.99033449]]
[[0.99033449]]
[[0.99044309]]
[[0.99044309]]
[[0.99044309]]
[[0.9906603]]
[[0.9906603]]
[[0.9907689]]
[[0.9907689]]
[[0.9908775]]
[[0.9908775]]
[[0.9910947]]
[[0.9912033]]
[[0.9913119]]
[[0.9914205]]
[[0.99152911]]
[[0.99163771]]
[[0.99163771]]
[[0.99163771]]
[[0.99174631]]
[[0.99218071]]
[[0.99250652]]
[[0.99261512]]
[[0.99294092]]
[[0.99304952]]
[[0.99304952]]
[[0.99326672]]
[[0.99337533]]
[[0.99348393]]
[[0.99359253]]
[[0.99391833]]
[[0.99413553]]
[[0.99413553]]
[[0.99424414]]
[[0.99446134]]
[[0.99456994]]
[[0.99456994]]
[[0.99500434]]
[[0.99533015]]
[[0.99554735]]
[[0.99576455]]
[[0.99587315]]
[[0.99587315]]
[[0.99609036]]
[[0.99619896]]
[[0.99619896]]
[[0.99630756]]
[[0.99652476]]
[[0.99663336]]
[[0.99674196]]
[[0.99674196]]
[[0.99706777]]
[[0.99706777]]
[[0.99717637]]
[[0.99728497]]
[[0.99728497]]
[[0.99739357]]
[[0.99761077]]
[[0.99761077]]
[[0.99771937]]
[[0.99782798]]
[[0.99782798]]
[[0.99782798]]
[[0.99826238]]
[[0.99847958]]
[[0.99858818]]
[[0.99902259]]
[[0.99913119]]
[[0.99923979]]
[[0.99923979]]
[[0.99945699]]
[[0.9997828]]
[[0.9997828]]
[[1.]]
