[[0.]]
[[0.04443087]]
[[0.04587703]]
[[0.04716875]]
[[0.04822178]]
[[0.04926779]]
[[0.05025062]]
[[0.05119133]]
[[0.05213204]]
[[0.05305168]]
[[0.05390113]]
[[0.05479269]]
[[0.05560704]]
[[0.0564986]]
[[0.05731997]]
[[0.05814835]]
[[0.05897674]]
[[0.05988234]]
[[0.06076689]]
[[0.06165143]]
[[0.06252194]]
[[0.0633433]]
[[0.06422083]]
[[0.06502815]]
[[0.06582845]]
[[0.0666779]]
[[0.06758351]]
[[0.06844699]]
[[0.06928239]]
[[0.07008972]]
[[0.07096724]]
[[0.07178861]]
[[0.07266613]]
[[0.0735577]]
[[0.0743229]]
[[0.07521447]]
[[0.07600073]]
[[0.07682911]]
[[0.07767154]]
[[0.078528]]
[[0.07942659]]
[[0.08019881]]
[[0.08104826]]
[[0.08191876]]
[[0.08274013]]
[[0.08358255]]
[[0.08446008]]
[[0.08534462]]
[[0.08622917]]
[[0.08705755]]
[[0.08788594]]
[[0.0887775]]
[[0.08961993]]
[[0.09046235]]
[[0.09133286]]
[[0.09223144]]
[[0.09310897]]
[[0.09397245]]
[[0.09484296]]
[[0.09574154]]
[[0.09664013]]
[[0.0975317]]
[[0.09839518]]
[[0.09922357]]
[[0.10011513]]
[[0.10097862]]
[[0.10183508]]
[[0.10274069]]
[[0.10359715]]
[[0.10448872]]
[[0.10537326]]
[[0.10623675]]
[[0.10709321]]
[[0.10798478]]
[[0.10889039]]
[[0.10978195]]
[[0.11067352]]
[[0.11152998]]
[[0.11240751]]
[[0.11327099]]
[[0.11413448]]
[[0.11499094]]
[[0.11593165]]
[[0.11678812]]
[[0.11765862]]
[[0.11851509]]
[[0.11937155]]
[[0.12026312]]
[[0.12106342]]
[[0.12191287]]
[[0.12286761]]
[[0.12375216]]
[[0.12465777]]
[[0.12556337]]
[[0.12644792]]
[[0.12730438]]
[[0.12820999]]
[[0.12910155]]
[[0.13000716]]
[[0.13087065]]
[[0.13172711]]
[[0.13267484]]
[[0.1335664]]
[[0.13443691]]
[[0.13532848]]
[[0.13621302]]
[[0.13707651]]
[[0.13795403]]
[[0.13881752]]
[[0.13975822]]
[[0.14060767]]
[[0.14148519]]
[[0.14236272]]
[[0.14325429]]
[[0.14416691]]
[[0.14507954]]
[[0.14598515]]
[[0.14686267]]
[[0.14775424]]
[[0.14861772]]
[[0.14953035]]
[[0.15045702]]
[[0.15134858]]
[[0.15228227]]
[[0.15318787]]
[[0.15405838]]
[[0.15500611]]
[[0.15593277]]
[[0.15678924]]
[[0.15769485]]
[[0.15857939]]
[[0.1595201]]
[[0.16041166]]
[[0.16128919]]
[[0.16222288]]
[[0.16310742]]
[[0.16400601]]
[[0.16491162]]
[[0.16582424]]
[[0.16672985]]
[[0.16760035]]
[[0.16854106]]
[[0.16946773]]
[[0.17035227]]
[[0.17120874]]
[[0.1721003]]
[[0.17301995]]
[[0.17393258]]
[[0.17488031]]
[[0.17580697]]
[[0.1766845]]
[[0.17761819]]
[[0.17851677]]
[[0.17945748]]
[[0.18034904]]
[[0.18122657]]
[[0.1821743]]
[[0.1830799]]
[[0.18395743]]
[[0.18489814]]
[[0.18583884]]
[[0.18672339]]
[[0.18762198]]
[[0.18855566]]
[[0.18948935]]
[[0.190409]]
[[0.19129354]]
[[0.19220617]]
[[0.19307667]]
[[0.19399632]]
[[0.19489491]]
[[0.19584966]]
[[0.19678334]]
[[0.19771001]]
[[0.19865774]]
[[0.19959844]]
[[0.20054617]]
[[0.20147986]]
[[0.20241355]]
[[0.20334021]]
[[0.20421774]]
[[0.20512334]]
[[0.20600789]]
[[0.20692052]]
[[0.20786824]]
[[0.20876683]]
[[0.20970052]]
[[0.21061314]]
[[0.21157491]]
[[0.21251562]]
[[0.21343527]]
[[0.21436193]]
[[0.21529562]]
[[0.21622229]]
[[0.21717704]]
[[0.21811072]]
[[0.21904441]]
[[0.21996406]]
[[0.22091178]]
[[0.22183143]]
[[0.22276512]]
[[0.22369178]]
[[0.22461143]]
[[0.22555916]]
[[0.22648583]]
[[0.22744057]]
[[0.22834618]]
[[0.22929391]]
[[0.23024866]]
[[0.2312034]]
[[0.23214411]]
[[0.23308482]]
[[0.23396936]]
[[0.23491007]]
[[0.2358227]]
[[0.23677043]]
[[0.23768305]]
[[0.23859568]]
[[0.23952235]]
[[0.24046305]]
[[0.2413827]]
[[0.24228831]]
[[0.24323603]]
[[0.24418376]]
[[0.24513149]]
[[0.24605816]]
[[0.24699184]]
[[0.24791149]]
[[0.24889432]]
[[0.24983503]]
[[0.25078977]]
[[0.25171644]]
[[0.25265013]]
[[0.25359083]]
[[0.25452452]]
[[0.25545119]]
[[0.2563919]]
[[0.25731154]]
[[0.25826629]]
[[0.25916488]]
[[0.26008452]]
[[0.26102523]]
[[0.26196594]]
[[0.26292771]]
[[0.26382629]]
[[0.26477402]]
[[0.26571473]]
[[0.26664841]]
[[0.26758912]]
[[0.26853685]]
[[0.26943544]]
[[0.27035508]]
[[0.27130983]]
[[0.27222246]]
[[0.27312806]]
[[0.27406877]]
[[0.27500948]]
[[0.27597125]]
[[0.27690493]]
[[0.2778316]]
[[0.27875827]]
[[0.27970599]]
[[0.28065372]]
[[0.28157337]]
[[0.28246493]]
[[0.28341968]]
[[0.28433933]]
[[0.28528004]]
[[0.28622776]]
[[0.28716847]]
[[0.28809514]]
[[0.28900776]]
[[0.28997655]]
[[0.29091726]]
[[0.29185095]]
[[0.29275655]]
[[0.29369726]]
[[0.29463797]]
[[0.29557166]]
[[0.29649832]]
[[0.29745307]]
[[0.29837272]]
[[0.29932044]]
[[0.30026817]]
[[0.3012159]]
[[0.30219171]]
[[0.30313242]]
[[0.3040661]]
[[0.30497171]]
[[0.30591242]]
[[0.30687418]]
[[0.30782893]]
[[0.3087556]]
[[0.30969631]]
[[0.31063701]]
[[0.31159176]]
[[0.31254651]]
[[0.31349424]]
[[0.31443494]]
[[0.31539671]]
[[0.31635848]]
[[0.31733429]]
[[0.3183101]]
[[0.31925782]]
[[0.32019151]]
[[0.32115328]]
[[0.32209399]]
[[0.32303469]]
[[0.32395434]]
[[0.32491611]]
[[0.32585682]]
[[0.32681858]]
[[0.32777333]]
[[0.32872106]]
[[0.32969687]]
[[0.33063757]]
[[0.3315853]]
[[0.33254707]]
[[0.33351586]]
[[0.33449869]]
[[0.33543237]]
[[0.33640818]]
[[0.33735591]]
[[0.33828258]]
[[0.3391952]]
[[0.34014995]]
[[0.3411047]]
[[0.34203839]]
[[0.34301419]]
[[0.34396894]]
[[0.34493071]]
[[0.34587142]]
[[0.34679106]]
[[0.34772475]]
[[0.34870056]]
[[0.34964829]]
[[0.35060304]]
[[0.35154374]]
[[0.35250551]]
[[0.35346026]]
[[0.35440097]]
[[0.35535571]]
[[0.35630344]]
[[0.35725117]]
[[0.35820592]]
[[0.35915364]]
[[0.36012945]]
[[0.36109122]]
[[0.36203193]]
[[0.36298668]]
[[0.3639344]]
[[0.36490319]]
[[0.3658439]]
[[0.36675653]]
[[0.36774637]]
[[0.3687292]]
[[0.36966289]]
[[0.37061764]]
[[0.37160047]]
[[0.37254819]]
[[0.37351698]]
[[0.37450683]]
[[0.37544754]]
[[0.37641633]]
[[0.37737107]]
[[0.37833284]]
[[0.37930865]]
[[0.38025638]]
[[0.38119709]]
[[0.38215183]]
[[0.38309956]]
[[0.38406835]]
[[0.38503012]]
[[0.38598486]]
[[0.38695365]]
[[0.38792946]]
[[0.38888421]]
[[0.38984598]]
[[0.39081476]]
[[0.39176249]]
[[0.3927383]]
[[0.39368603]]
[[0.39465482]]
[[0.39560956]]
[[0.39657835]]
[[0.39754714]]
[[0.39852997]]
[[0.39949876]]
[[0.40042542]]
[[0.40139421]]
[[0.40234194]]
[[0.40332477]]
[[0.40430058]]
[[0.40529043]]
[[0.40626623]]
[[0.40722098]]
[[0.40818275]]
[[0.40915856]]
[[0.41009225]]
[[0.41101189]]
[[0.4119526]]
[[0.41292139]]
[[0.41388316]]
[[0.41486598]]
[[0.41581371]]
[[0.41675442]]
[[0.41772321]]
[[0.41866391]]
[[0.41963972]]
[[0.42060149]]
[[0.42155624]]
[[0.42253205]]
[[0.42348679]]
[[0.42444154]]
[[0.42535417]]
[[0.42632998]]
[[0.42729175]]
[[0.42827457]]
[[0.42924336]]
[[0.43018407]]
[[0.4311669]]
[[0.43212165]]
[[0.43309043]]
[[0.43406624]]
[[0.43503503]]
[[0.43598276]]
[[0.43695155]]
[[0.43792033]]
[[0.4388821]]
[[0.43982281]]
[[0.44078458]]
[[0.44172529]]
[[0.44270109]]
[[0.44369796]]
[[0.44462463]]
[[0.44561448]]
[[0.44656221]]
[[0.44748185]]
[[0.44845064]]
[[0.44940539]]
[[0.4503812]]
[[0.45133594]]
[[0.45229771]]
[[0.45328054]]
[[0.45425635]]
[[0.45523216]]
[[0.45616585]]
[[0.45712059]]
[[0.4580964]]
[[0.45910029]]
[[0.46008312]]
[[0.46107297]]
[[0.46204878]]
[[0.46301054]]
[[0.46398635]]
[[0.46496918]]
[[0.46593797]]
[[0.4669208]]
[[0.46790363]]
[[0.46887944]]
[[0.46984822]]
[[0.47082403]]
[[0.4717858]]
[[0.47278267]]
[[0.47373742]]
[[0.47468514]]
[[0.47565393]]
[[0.47662974]]
[[0.47759853]]
[[0.47853924]]
[[0.47952908]]
[[0.48050489]]
[[0.4814807]]
[[0.48247757]]
[[0.48344636]]
[[0.48440813]]
[[0.48536287]]
[[0.48633868]]
[[0.48729343]]
[[0.48826924]]
[[0.48928015]]
[[0.49024192]]
[[0.49120368]]
[[0.49219353]]
[[0.49313424]]
[[0.49411005]]
[[0.49508586]]
[[0.49607571]]
[[0.49703747]]
[[0.49799924]]
[[0.49897505]]
[[0.49993682]]
[[0.50092667]]
[[0.50191652]]
[[0.5028502]]
[[0.50381197]]
[[0.50480182]]
[[0.50580571]]
[[0.50678152]]
[[0.50775733]]
[[0.50871207]]
[[0.50970192]]
[[0.51067071]]
[[0.51166056]]
[[0.51265743]]
[[0.51363324]]
[[0.51463011]]
[[0.51560591]]
[[0.51659576]]
[[0.51758561]]
[[0.51854036]]
[[0.51950213]]
[[0.5204639]]
[[0.52145374]]
[[0.52245061]]
[[0.52343344]]
[[0.52440925]]
[[0.5253991]]
[[0.52639597]]
[[0.5273788]]
[[0.52836864]]
[[0.52933041]]
[[0.53031324]]
[[0.53126799]]
[[0.53221572]]
[[0.53320557]]
[[0.53415329]]
[[0.53515016]]
[[0.53613299]]
[[0.53708774]]
[[0.53807057]]
[[0.53902531]]
[[0.54000814]]
[[0.54096991]]
[[0.54194572]]
[[0.54291451]]
[[0.5438833]]
[[0.54485208]]
[[0.54584193]]
[[0.54682476]]
[[0.54777951]]
[[0.5487483]]
[[0.54973113]]
[[0.55069289]]
[[0.55168274]]
[[0.55266557]]
[[0.55366946]]
[[0.55464527]]
[[0.555593]]
[[0.55654774]]
[[0.55753057]]
[[0.55848532]]
[[0.55947517]]
[[0.56045098]]
[[0.56144083]]
[[0.56240961]]
[[0.56339244]]
[[0.56435421]]
[[0.56535108]]
[[0.56633391]]
[[0.56731674]]
[[0.5682434]]
[[0.56924027]]
[[0.57020204]]
[[0.57119189]]
[[0.5721677]]
[[0.57315053]]
[[0.5741474]]
[[0.57511618]]
[[0.57609199]]
[[0.57709588]]
[[0.57807169]]
[[0.5790475]]
[[0.58002331]]
[[0.5810272]]
[[0.58202407]]
[[0.58295775]]
[[0.5839476]]
[[0.58493043]]
[[0.58588518]]
[[0.58685397]]
[[0.58785083]]
[[0.58880558]]
[[0.58979543]]
[[0.59077124]]
[[0.59175407]]
[[0.59274392]]
[[0.59374079]]
[[0.59472361]]
[[0.59571346]]
[[0.59669629]]
[[0.59765806]]
[[0.59863387]]
[[0.59960968]]
[[0.60059251]]
[[0.60156831]]
[[0.60256518]]
[[0.60355503]]
[[0.60452382]]
[[0.60553473]]
[[0.60650352]]
[[0.60749337]]
[[0.60846215]]
[[0.60944498]]
[[0.61043483]]
[[0.6114317]]
[[0.61241453]]
[[0.61340438]]
[[0.61438019]]
[[0.61535599]]
[[0.61633882]]
[[0.61732867]]
[[0.61831852]]
[[0.61930135]]
[[0.6202561]]
[[0.62125999]]
[[0.62224281]]
[[0.62323266]]
[[0.62420145]]
[[0.62519832]]
[[0.62617413]]
[[0.6271359]]
[[0.62813277]]
[[0.62912261]]
[[0.63010544]]
[[0.63109529]]
[[0.63205706]]
[[0.63302585]]
[[0.63402272]]
[[0.63499853]]
[[0.63599539]]
[[0.6369712]]
[[0.63795403]]
[[0.63892282]]
[[0.63991267]]
[[0.64090252]]
[[0.64186429]]
[[0.64281201]]
[[0.64380186]]
[[0.64478469]]
[[0.64577454]]
[[0.64675737]]
[[0.64773318]]
[[0.64870898]]
[[0.64971287]]
[[0.65070974]]
[[0.65166449]]
[[0.65264732]]
[[0.65363015]]
[[0.65461298]]
[[0.6555958]]
[[0.65656459]]
[[0.65754742]]
[[0.65854429]]
[[0.65954818]]
[[0.66051697]]
[[0.6614998]]
[[0.66246858]]
[[0.66343737]]
[[0.6644202]]
[[0.66541005]]
[[0.66637182]]
[[0.66734763]]
[[0.66832343]]
[[0.66930626]]
[[0.67028909]]
[[0.67125788]]
[[0.67222667]]
[[0.67320248]]
[[0.67417829]]
[[0.67517515]]
[[0.67614394]]
[[0.67711975]]
[[0.67811662]]
[[0.67909243]]
[[0.68007526]]
[[0.68106511]]
[[0.68204793]]
[[0.68300268]]
[[0.68396445]]
[[0.68494728]]
[[0.68596521]]
[[0.68695506]]
[[0.68790278]]
[[0.68887859]]
[[0.68984036]]
[[0.69083021]]
[[0.69182708]]
[[0.69283097]]
[[0.69379976]]
[[0.6947896]]
[[0.69577243]]
[[0.69676228]]
[[0.69775213]]
[[0.69874198]]
[[0.69973885]]
[[0.70073572]]
[[0.70172557]]
[[0.70270839]]
[[0.70369122]]
[[0.70468809]]
[[0.70568496]]
[[0.70668885]]
[[0.70767168]]
[[0.70865451]]
[[0.7096584]]
[[0.71064123]]
[[0.71161703]]
[[0.7125788]]
[[0.71356865]]
[[0.7145234]]
[[0.71551325]]
[[0.71649608]]
[[0.71748592]]
[[0.71848981]]
[[0.71947264]]
[[0.72045547]]
[[0.72146638]]
[[0.72245623]]
[[0.72342502]]
[[0.72441487]]
[[0.72540471]]
[[0.72641562]]
[[0.72741249]]
[[0.72837426]]
[[0.72935709]]
[[0.73034694]]
[[0.73131573]]
[[0.73231962]]
[[0.73330244]]
[[0.73429229]]
[[0.73529618]]
[[0.73627199]]
[[0.7372478]]
[[0.73821659]]
[[0.73921346]]
[[0.74020331]]
[[0.74118613]]
[[0.74217598]]
[[0.74317987]]
[[0.74416972]]
[[0.74515957]]
[[0.74613538]]
[[0.74710417]]
[[0.7481221]]
[[0.74910492]]
[[0.75010881]]
[[0.7510776]]
[[0.75206043]]
[[0.75303624]]
[[0.75401907]]
[[0.75501594]]
[[0.75599174]]
[[0.75698861]]
[[0.75796442]]
[[0.75896129]]
[[0.7599371]]
[[0.76092695]]
[[0.7619168]]
[[0.76290665]]
[[0.76389649]]
[[0.76488634]]
[[0.76588321]]
[[0.7668871]]
[[0.76786291]]
[[0.76885978]]
[[0.76984963]]
[[0.7708465]]
[[0.77183635]]
[[0.77282619]]
[[0.77379498]]
[[0.77479185]]
[[0.77578872]]
[[0.77680665]]
[[0.77778948]]
[[0.77877933]]
[[0.77978322]]
[[0.78075902]]
[[0.78173483]]
[[0.7827317]]
[[0.78374261]]
[[0.78472544]]
[[0.78572231]]
[[0.7867262]]
[[0.78770903]]
[[0.78868483]]
[[0.78967468]]
[[0.79063645]]
[[0.79160524]]
[[0.79258105]]
[[0.7935709]]
[[0.79457479]]
[[0.79556464]]
[[0.79654044]]
[[0.79752327]]
[[0.79852014]]
[[0.79951701]]
[[0.8005209]]
[[0.80149671]]
[[0.8025006]]
[[0.80349747]]
[[0.80449433]]
[[0.80548418]]
[[0.80645999]]
[[0.8074358]]
[[0.80841863]]
[[0.80943656]]
[[0.81041237]]
[[0.8113952]]
[[0.81239206]]
[[0.81337489]]
[[0.81436474]]
[[0.81535459]]
[[0.81635146]]
[[0.81733429]]
[[0.81833116]]
[[0.81932803]]
[[0.82030383]]
[[0.82130772]]
[[0.82229757]]
[[0.82330146]]
[[0.82428429]]
[[0.8252952]]
[[0.82629207]]
[[0.82729596]]
[[0.82829283]]
[[0.82926864]]
[[0.83027252]]
[[0.83126939]]
[[0.8322803]]
[[0.83323505]]
[[0.83423894]]
[[0.83522177]]
[[0.83624672]]
[[0.83725061]]
[[0.83824748]]
[[0.83921626]]
[[0.84022717]]
[[0.84122404]]
[[0.84222793]]
[[0.84320374]]
[[0.84419359]]
[[0.84515536]]
[[0.84613819]]
[[0.84712803]]
[[0.84811086]]
[[0.84910071]]
[[0.85007652]]
[[0.85105935]]
[[0.85204218]]
[[0.85301097]]
[[0.85400081]]
[[0.8550047]]
[[0.85598753]]
[[0.85697738]]
[[0.85795319]]
[[0.85893602]]
[[0.85993991]]
[[0.86092976]]
[[0.86191258]]
[[0.86290243]]
[[0.86390632]]
[[0.86488213]]
[[0.865879]]
[[0.86682673]]
[[0.86780254]]
[[0.86879238]]
[[0.86977521]]
[[0.870744]]
[[0.87174087]]
[[0.87271668]]
[[0.87370653]]
[[0.8747034]]
[[0.87568622]]
[[0.87666905]]
[[0.87763082]]
[[0.87861365]]
[[0.87961052]]
[[0.88060739]]
[[0.88159724]]
[[0.88258007]]
[[0.88356289]]
[[0.88454572]]
[[0.88554961]]
[[0.88653244]]
[[0.88753633]]
[[0.88854022]]
[[0.88953709]]
[[0.8905129]]
[[0.89149572]]
[[0.89247153]]
[[0.89345436]]
[[0.89443719]]
[[0.89544108]]
[[0.89641689]]
[[0.89741376]]
[[0.89840361]]
[[0.89937941]]
[[0.9003482]]
[[0.90133805]]
[[0.9023279]]
[[0.90331775]]
[[0.90429356]]
[[0.90527639]]
[[0.90626623]]
[[0.90725608]]
[[0.90822487]]
[[0.90920068]]
[[0.91019755]]
[[0.91118038]]
[[0.91218427]]
[[0.91316709]]
[[0.9141429]]
[[0.91513977]]
[[0.9161226]]
[[0.91711245]]
[[0.91810932]]
[[0.91908513]]
[[0.92006796]]
[[0.92102972]]
[[0.92200553]]
[[0.92298836]]
[[0.92397821]]
[[0.92496806]]
[[0.92595089]]
[[0.92691967]]
[[0.92790952]]
[[0.92889937]]
[[0.92987518]]
[[0.93085801]]
[[0.93184786]]
[[0.93282367]]
[[0.9338065]]
[[0.93478932]]
[[0.93577917]]
[[0.93676902]]
[[0.93774483]]
[[0.93873468]]
[[0.93971751]]
[[0.94070034]]
[[0.94169018]]
[[0.94269407]]
[[0.94368392]]
[[0.94468781]]
[[0.94567064]]
[[0.94666751]]
[[0.94765736]]
[[0.94865423]]
[[0.94963706]]
[[0.95063392]]
[[0.95162377]]
[[0.95262064]]
[[0.95362453]]
[[0.95461438]]
[[0.95557615]]
[[0.95658706]]
[[0.95759797]]
[[0.9585808]]
[[0.95957064]]
[[0.96055347]]
[[0.9615363]]
[[0.96251913]]
[[0.96349494]]
[[0.96448479]]
[[0.96546762]]
[[0.96644342]]
[[0.96742625]]
[[0.9684161]]
[[0.96941297]]
[[0.97040984]]
[[0.97139969]]
[[0.97240358]]
[[0.97339343]]
[[0.9743903]]
[[0.97537312]]
[[0.97634893]]
[[0.9773458]]
[[0.97833565]]
[[0.97933252]]
[[0.98028727]]
[[0.98129116]]
[[0.98225994]]
[[0.98324277]]
[[0.98423964]]
[[0.98523651]]
[[0.98623338]]
[[0.98723025]]
[[0.98821308]]
[[0.98918889]]
[[0.99018575]]
[[0.9911756]]
[[0.99216545]]
[[0.99316232]]
[[0.99414515]]
[[0.99512798]]
[[0.99611081]]
[[0.99710066]]
[[0.9980905]]
[[0.99904525]]
[[1.]]
