[[0.]]
[[0.06985103]]
[[0.07192901]]
[[0.0735577]]
[[0.07494068]]
[[0.0761973]]
[[0.07735563]]
[[0.07850694]]
[[0.07955295]]
[[0.0805779]]
[[0.08151861]]
[[0.08241018]]
[[0.08333684]]
[[0.08429159]]
[[0.0852323]]
[[0.08612386]]
[[0.08698735]]
[[0.08785785]]
[[0.08870028]]
[[0.08959185]]
[[0.09036407]]
[[0.09120649]]
[[0.09205594]]
[[0.09293346]]
[[0.09380397]]
[[0.09465341]]
[[0.09550286]]
[[0.09641548]]
[[0.09721579]]
[[0.09807225]]
[[0.09894276]]
[[0.09981326]]
[[0.10067675]]
[[0.10151215]]
[[0.10237564]]
[[0.1032672]]
[[0.10405347]]
[[0.10490291]]
[[0.10575938]]
[[0.10658776]]
[[0.10743018]]
[[0.10827963]]
[[0.10912205]]
[[0.1099364]]
[[0.1108069]]
[[0.11165635]]
[[0.11252685]]
[[0.11336226]]
[[0.1142117]]
[[0.11503307]]
[[0.11590357]]
[[0.11676706]]
[[0.1176165]]
[[0.11846594]]
[[0.11934347]]
[[0.12021398]]
[[0.12106342]]
[[0.12194797]]
[[0.12276933]]
[[0.12365388]]
[[0.12448226]]
[[0.12531766]]
[[0.12618115]]
[[0.12701655]]
[[0.12788004]]
[[0.12875054]]
[[0.12966317]]
[[0.13049857]]
[[0.131341]]
[[0.13216236]]
[[0.13297671]]
[[0.13381913]]
[[0.13468262]]
[[0.13550398]]
[[0.13636045]]
[[0.13722393]]
[[0.1380804]]
[[0.13886666]]
[[0.1397161]]
[[0.14057959]]
[[0.1415203]]
[[0.14236272]]
[[0.14323323]]
[[0.14412479]]
[[0.14498126]]
[[0.14587282]]
[[0.14672227]]
[[0.14761383]]
[[0.14847732]]
[[0.1493408]]
[[0.15022535]]
[[0.15110989]]
[[0.15197338]]
[[0.1528509]]
[[0.15373545]]
[[0.15459894]]
[[0.15555368]]
[[0.15645227]]
[[0.15734384]]
[[0.1582003]]
[[0.15900762]]
[[0.15992727]]
[[0.16082586]]
[[0.16168934]]
[[0.16260197]]
[[0.16345141]]
[[0.16432894]]
[[0.16521348]]
[[0.16611909]]
[[0.16696854]]
[[0.1678601]]
[[0.16876571]]
[[0.16962919]]
[[0.17049268]]
[[0.1713702]]
[[0.17225475]]
[[0.17314632]]
[[0.17405894]]
[[0.17490839]]
[[0.17576485]]
[[0.17666344]]
[[0.17756904]]
[[0.17846061]]
[[0.17932409]]
[[0.18020864]]
[[0.18107915]]
[[0.18193561]]
[[0.18284122]]
[[0.1837047]]
[[0.18461031]]
[[0.18552294]]
[[0.18640046]]
[[0.18727097]]
[[0.18812743]]
[[0.18903304]]
[[0.18991758]]
[[0.19080915]]
[[0.1917288]]
[[0.19262738]]
[[0.19354001]]
[[0.19438243]]
[[0.19522486]]
[[0.19611642]]
[[0.19701501]]
[[0.19790658]]
[[0.19880516]]
[[0.19966163]]
[[0.20054617]]
[[0.20144476]]
[[0.20230122]]
[[0.20319279]]
[[0.20411946]]
[[0.205004]]
[[0.20588153]]
[[0.20674501]]
[[0.2076436]]
[[0.20852814]]
[[0.20939865]]
[[0.21031128]]
[[0.21120986]]
[[0.21208037]]
[[0.21296491]]
[[0.21388456]]
[[0.21478315]]
[[0.21572385]]
[[0.21662244]]
[[0.21754911]]
[[0.21846173]]
[[0.21933926]]
[[0.22023784]]
[[0.22113643]]
[[0.22203502]]
[[0.22291956]]
[[0.22382517]]
[[0.22471673]]
[[0.22558724]]
[[0.22649285]]
[[0.22737739]]
[[0.228283]]
[[0.2291535]]
[[0.23006613]]
[[0.23091558]]
[[0.23180714]]
[[0.23269169]]
[[0.23356219]]
[[0.23444674]]
[[0.23536638]]
[[0.23625093]]
[[0.23713548]]
[[0.23806916]]
[[0.23895371]]
[[0.23983825]]
[[0.24074386]]
[[0.24164245]]
[[0.24256209]]
[[0.24345366]]
[[0.24435927]]
[[0.24520169]]
[[0.2461073]]
[[0.24697078]]
[[0.24786235]]
[[0.24877497]]
[[0.24969462]]
[[0.25060023]]
[[0.25148477]]
[[0.25242548]]
[[0.25334513]]
[[0.25425775]]
[[0.2551423]]
[[0.25604791]]
[[0.25696053]]
[[0.25786614]]
[[0.2587577]]
[[0.25967033]]
[[0.26060402]]
[[0.26153771]]
[[0.26247139]]
[[0.26335594]]
[[0.26429665]]
[[0.26522331]]
[[0.2661219]]
[[0.26703453]]
[[0.26794715]]
[[0.26885276]]
[[0.26976538]]
[[0.27068503]]
[[0.27163276]]
[[0.27253837]]
[[0.27345099]]
[[0.27437766]]
[[0.27525518]]
[[0.27612569]]
[[0.27701024]]
[[0.27790882]]
[[0.27884953]]
[[0.27976918]]
[[0.28066074]]
[[0.28155933]]
[[0.28245089]]
[[0.28337054]]
[[0.28429019]]
[[0.28520983]]
[[0.28611544]]
[[0.28700701]]
[[0.28790559]]
[[0.28883226]]
[[0.28977999]]
[[0.29066453]]
[[0.2915561]]
[[0.2924617]]
[[0.29339539]]
[[0.2942659]]
[[0.29517852]]
[[0.29611221]]
[[0.29703888]]
[[0.29796554]]
[[0.29890625]]
[[0.29984696]]
[[0.30078767]]
[[0.30169327]]
[[0.30261994]]
[[0.30353959]]
[[0.30445923]]
[[0.30537186]]
[[0.30629151]]
[[0.30719009]]
[[0.30810272]]
[[0.30902939]]
[[0.30993499]]
[[0.31084762]]
[[0.31178131]]
[[0.31268691]]
[[0.31356444]]
[[0.31449111]]
[[0.31541075]]
[[0.3163304]]
[[0.31724303]]
[[0.31815565]]
[[0.31904722]]
[[0.31998091]]
[[0.32089353]]
[[0.32179914]]
[[0.3226907]]
[[0.32358929]]
[[0.32451596]]
[[0.32545666]]
[[0.32637631]]
[[0.32725384]]
[[0.32815242]]
[[0.32906505]]
[[0.32999874]]
[[0.3308903]]
[[0.33179591]]
[[0.3327296]]
[[0.33362818]]
[[0.33454783]]
[[0.33542535]]
[[0.33633096]]
[[0.33725763]]
[[0.33814919]]
[[0.3390548]]
[[0.33996041]]
[[0.34088707]]
[[0.34178566]]
[[0.34270531]]
[[0.34363899]]
[[0.34456566]]
[[0.34547127]]
[[0.34639091]]
[[0.34730354]]
[[0.34822319]]
[[0.34913581]]
[[0.3500344]]
[[0.35095405]]
[[0.35186667]]
[[0.35279334]]
[[0.35369193]]
[[0.35460455]]
[[0.35555228]]
[[0.35647193]]
[[0.35737753]]
[[0.3583042]]
[[0.35922385]]
[[0.36016455]]
[[0.3611193]]
[[0.36203193]]
[[0.36296562]]
[[0.36387824]]
[[0.36481193]]
[[0.36571754]]
[[0.36663718]]
[[0.36757087]]
[[0.3684835]]
[[0.36940314]]
[[0.37031577]]
[[0.37125648]]
[[0.37221122]]
[[0.37310279]]
[[0.37403648]]
[[0.3749491]]
[[0.37587577]]
[[0.37680244]]
[[0.37774314]]
[[0.37862769]]
[[0.37954032]]
[[0.380474]]
[[0.38140067]]
[[0.3823484]]
[[0.38329613]]
[[0.38422981]]
[[0.38515648]]
[[0.38608315]]
[[0.38698173]]
[[0.38788734]]
[[0.38879997]]
[[0.38974067]]
[[0.39067436]]
[[0.39160103]]
[[0.39254174]]
[[0.39345436]]
[[0.39437401]]
[[0.3953077]]
[[0.39622032]]
[[0.39711189]]
[[0.39806664]]
[[0.39900734]]
[[0.39993401]]
[[0.40084664]]
[[0.40176628]]
[[0.40267891]]
[[0.40359154]]
[[0.40450416]]
[[0.40545189]]
[[0.40637856]]
[[0.40729118]]
[[0.40823891]]
[[0.40917962]]
[[0.41010629]]
[[0.41104699]]
[[0.41197366]]
[[0.41292841]]
[[0.41385507]]
[[0.41478174]]
[[0.41571543]]
[[0.41662806]]
[[0.41754068]]
[[0.41847437]]
[[0.419387]]
[[0.42030664]]
[[0.42124033]]
[[0.42213892]]
[[0.4230726]]
[[0.42397821]]
[[0.42491892]]
[[0.42583154]]
[[0.42675821]]
[[0.4276919]]
[[0.42861856]]
[[0.42954523]]
[[0.43048594]]
[[0.43141963]]
[[0.43235331]]
[[0.43327998]]
[[0.43422069]]
[[0.43516841]]
[[0.43609508]]
[[0.43702877]]
[[0.43795544]]
[[0.43889614]]
[[0.43984387]]
[[0.4407565]]
[[0.44169018]]
[[0.44263791]]
[[0.44356458]]
[[0.44449827]]
[[0.44540387]]
[[0.4463165]]
[[0.44723615]]
[[0.44815579]]
[[0.44911054]]
[[0.45004423]]
[[0.45098493]]
[[0.4519467]]
[[0.45288741]]
[[0.45380706]]
[[0.45474074]]
[[0.45568145]]
[[0.4566011]]
[[0.45753479]]
[[0.45843337]]
[[0.4593811]]
[[0.4602516]]
[[0.46117827]]
[[0.462126]]
[[0.46309479]]
[[0.46400039]]
[[0.46492004]]
[[0.46585373]]
[[0.46678039]]
[[0.46772812]]
[[0.46863373]]
[[0.46956039]]
[[0.47045196]]
[[0.47139267]]
[[0.47234742]]
[[0.47327408]]
[[0.47422181]]
[[0.47513444]]
[[0.47610323]]
[[0.47705095]]
[[0.47799868]]
[[0.47893939]]
[[0.47986605]]
[[0.48079974]]
[[0.48174045]]
[[0.4826952]]
[[0.4836359]]
[[0.48456959]]
[[0.48550328]]
[[0.48642293]]
[[0.48737065]]
[[0.48831136]]
[[0.48925909]]
[[0.49019277]]
[[0.49112646]]
[[0.49207419]]
[[0.49300086]]
[[0.4939556]]
[[0.49490333]]
[[0.49585808]]
[[0.49679879]]
[[0.49771141]]
[[0.4986451]]
[[0.49957879]]
[[0.50052652]]
[[0.50148126]]
[[0.50243601]]
[[0.50339778]]
[[0.50433849]]
[[0.50527919]]
[[0.5062199]]
[[0.50715359]]
[[0.50807323]]
[[0.50901394]]
[[0.50994061]]
[[0.5109094]]
[[0.51182904]]
[[0.51276273]]
[[0.5137245]]
[[0.51466521]]
[[0.51560591]]
[[0.51653258]]
[[0.51749435]]
[[0.51839996]]
[[0.51932662]]
[[0.52026733]]
[[0.521194]]
[[0.52214172]]
[[0.52309647]]
[[0.52405122]]
[[0.52499193]]
[[0.52594667]]
[[0.52688738]]
[[0.52780703]]
[[0.52876178]]
[[0.52968142]]
[[0.53062213]]
[[0.53155582]]
[[0.5324895]]
[[0.53345829]]
[[0.53438496]]
[[0.53531163]]
[[0.53624531]]
[[0.53716496]]
[[0.53812673]]
[[0.53907446]]
[[0.54001516]]
[[0.54096991]]
[[0.54188956]]
[[0.54285133]]
[[0.54379905]]
[[0.54473274]]
[[0.54568047]]
[[0.54662118]]
[[0.54755486]]
[[0.54849557]]
[[0.5494433]]
[[0.55039805]]
[[0.55135279]]
[[0.55230052]]
[[0.55324123]]
[[0.5541679]]
[[0.55512264]]
[[0.55607739]]
[[0.5570181]]
[[0.55797285]]
[[0.55891355]]
[[0.55987532]]
[[0.56081603]]
[[0.5617778]]
[[0.56271148]]
[[0.56363113]]
[[0.56458588]]
[[0.56553361]]
[[0.56646729]]
[[0.56741502]]
[[0.56836977]]
[[0.5693175]]
[[0.57024416]]
[[0.57119189]]
[[0.57213962]]
[[0.57308735]]
[[0.57402805]]
[[0.57497578]]
[[0.57592351]]
[[0.5768572]]
[[0.57780492]]
[[0.57875265]]
[[0.57969336]]
[[0.58062704]]
[[0.58158179]]
[[0.58250846]]
[[0.58347023]]
[[0.58438987]]
[[0.58533058]]
[[0.58627129]]
[[0.58723306]]
[[0.58819482]]
[[0.58913553]]
[[0.5900973]]
[[0.59107311]]
[[0.59202786]]
[[0.5929826]]
[[0.59392331]]
[[0.59487806]]
[[0.59583281]]
[[0.59673841]]
[[0.59767912]]
[[0.59861983]]
[[0.59957458]]
[[0.6005223]]
[[0.60149811]]
[[0.60247392]]
[[0.60341463]]
[[0.60436235]]
[[0.60531008]]
[[0.60624377]]
[[0.6071915]]
[[0.60814624]]
[[0.60908695]]
[[0.6100417]]
[[0.61099645]]
[[0.61193716]]
[[0.61290594]]
[[0.61386069]]
[[0.61479438]]
[[0.61574211]]
[[0.61667579]]
[[0.61760948]]
[[0.61855721]]
[[0.61946983]]
[[0.62041054]]
[[0.62134423]]
[[0.62231302]]
[[0.6232467]]
[[0.62420145]]
[[0.62514918]]
[[0.62609691]]
[[0.62704463]]
[[0.62799938]]
[[0.62896817]]
[[0.6299159]]
[[0.63085661]]
[[0.63181837]]
[[0.63272398]]
[[0.63365767]]
[[0.63459837]]
[[0.63552504]]
[[0.63647277]]
[[0.63740646]]
[[0.63836822]]
[[0.63931595]]
[[0.6402707]]
[[0.64123247]]
[[0.64218721]]
[[0.64310686]]
[[0.64406161]]
[[0.64502338]]
[[0.6459711]]
[[0.64692585]]
[[0.6478455]]
[[0.64877919]]
[[0.64973393]]
[[0.65066762]]
[[0.65160131]]
[[0.65255606]]
[[0.65351782]]
[[0.65447257]]
[[0.65540626]]
[[0.65636101]]
[[0.65732277]]
[[0.6582705]]
[[0.65922525]]
[[0.66018]]
[[0.66112773]]
[[0.66207545]]
[[0.66303722]]
[[0.66397793]]
[[0.66492566]]
[[0.66589444]]
[[0.66684919]]
[[0.667825]]
[[0.66877273]]
[[0.66971344]]
[[0.67068222]]
[[0.67162293]]
[[0.67257768]]
[[0.67350435]]
[[0.67444505]]
[[0.67540682]]
[[0.67636859]]
[[0.67733036]]
[[0.6782851]]
[[0.67923985]]
[[0.68020162]]
[[0.68116339]]
[[0.68214622]]
[[0.68310798]]
[[0.68404167]]
[[0.68498238]]
[[0.68593713]]
[[0.68688485]]
[[0.68781854]]
[[0.68878733]]
[[0.68975612]]
[[0.69066172]]
[[0.69160945]]
[[0.69255718]]
[[0.69351895]]
[[0.69448072]]
[[0.69542844]]
[[0.69639021]]
[[0.69733794]]
[[0.69829269]]
[[0.69924041]]
[[0.70020218]]
[[0.70116395]]
[[0.70211168]]
[[0.7030594]]
[[0.70402819]]
[[0.70497592]]
[[0.70591663]]
[[0.70688542]]
[[0.70784016]]
[[0.70880193]]
[[0.70975668]]
[[0.71072547]]
[[0.71165916]]
[[0.71262092]]
[[0.71356865]]
[[0.71453042]]
[[0.71547113]]
[[0.71641885]]
[[0.7173736]]
[[0.71832835]]
[[0.71929714]]
[[0.72024486]]
[[0.72119961]]
[[0.72216138]]
[[0.72313017]]
[[0.72407088]]
[[0.72503264]]
[[0.72598739]]
[[0.72694214]]
[[0.72790391]]
[[0.72885164]]
[[0.72982042]]
[[0.73074709]]
[[0.73170184]]
[[0.73265659]]
[[0.73360431]]
[[0.7345731]]
[[0.73552785]]
[[0.73647558]]
[[0.73743032]]
[[0.73838507]]
[[0.73934684]]
[[0.74030861]]
[[0.74126336]]
[[0.74222512]]
[[0.74317285]]
[[0.74412058]]
[[0.74506129]]
[[0.74600901]]
[[0.74693568]]
[[0.74786937]]
[[0.74882412]]
[[0.74977886]]
[[0.75074063]]
[[0.7517024]]
[[0.75265715]]
[[0.75361892]]
[[0.75455962]]
[[0.75552139]]
[[0.75647614]]
[[0.75744493]]
[[0.75841371]]
[[0.75936846]]
[[0.76033725]]
[[0.76128498]]
[[0.76225377]]
[[0.76322957]]
[[0.76419134]]
[[0.76513205]]
[[0.7660868]]
[[0.76704155]]
[[0.76798225]]
[[0.76892296]]
[[0.76987771]]
[[0.77083948]]
[[0.77179422]]
[[0.77274195]]
[[0.77370372]]
[[0.77465145]]
[[0.77561321]]
[[0.77655392]]
[[0.77749463]]
[[0.77844236]]
[[0.7793971]]
[[0.78035185]]
[[0.78129958]]
[[0.78225433]]
[[0.78320908]]
[[0.7841568]]
[[0.78511155]]
[[0.78605226]]
[[0.78700701]]
[[0.78798281]]
[[0.78894458]]
[[0.78991337]]
[[0.79087514]]
[[0.79182287]]
[[0.79278463]]
[[0.79373938]]
[[0.79470115]]
[[0.79564186]]
[[0.79658256]]
[[0.79755135]]
[[0.7985061]]
[[0.79947489]]
[[0.80043666]]
[[0.80139842]]
[[0.80236019]]
[[0.8033009]]
[[0.80426267]]
[[0.80521742]]
[[0.80615812]]
[[0.80710585]]
[[0.80803954]]
[[0.80899429]]
[[0.80994201]]
[[0.81088974]]
[[0.81184449]]
[[0.81280626]]
[[0.81375398]]
[[0.81471575]]
[[0.8156705]]
[[0.81660419]]
[[0.81753787]]
[[0.81850666]]
[[0.81944737]]
[[0.82041616]]
[[0.82137091]]
[[0.82231863]]
[[0.82326636]]
[[0.82424919]]
[[0.825225]]
[[0.82617273]]
[[0.82714151]]
[[0.82808222]]
[[0.82905101]]
[[0.83000576]]
[[0.83096752]]
[[0.83191525]]
[[0.83288404]]
[[0.83384581]]
[[0.83479354]]
[[0.83574828]]
[[0.83669601]]
[[0.8376648]]
[[0.83861253]]
[[0.83957429]]
[[0.84053606]]
[[0.84149783]]
[[0.84245258]]
[[0.84339329]]
[[0.84435505]]
[[0.84530278]]
[[0.84624349]]
[[0.84717718]]
[[0.84813894]]
[[0.84910071]]
[[0.85005546]]
[[0.85100319]]
[[0.85196496]]
[[0.85292672]]
[[0.85387445]]
[[0.85482218]]
[[0.85577693]]
[[0.85674571]]
[[0.85770046]]
[[0.85865521]]
[[0.85961698]]
[[0.86059279]]
[[0.86156157]]
[[0.86250228]]
[[0.86346405]]
[[0.86441178]]
[[0.8653595]]
[[0.86629319]]
[[0.86724794]]
[[0.86818865]]
[[0.86912935]]
[[0.87009814]]
[[0.87106693]]
[[0.87201466]]
[[0.87296239]]
[[0.87392415]]
[[0.87487188]]
[[0.87581961]]
[[0.87678138]]
[[0.87775016]]
[[0.87869087]]
[[0.87964562]]
[[0.88057931]]
[[0.88151299]]
[[0.88247476]]
[[0.88342951]]
[[0.88437724]]
[[0.88533901]]
[[0.88627971]]
[[0.88724148]]
[[0.88819623]]
[[0.88914396]]
[[0.89009168]]
[[0.89106047]]
[[0.89201522]]
[[0.89296295]]
[[0.89393174]]
[[0.89487946]]
[[0.89581315]]
[[0.8967679]]
[[0.89772967]]
[[0.89867739]]
[[0.89962512]]
[[0.90059391]]
[[0.90154164]]
[[0.9025034]]
[[0.90346517]]
[[0.90441992]]
[[0.90537467]]
[[0.90632942]]
[[0.90727714]]
[[0.90823891]]
[[0.90917962]]
[[0.91014139]]
[[0.91108209]]
[[0.91205088]]
[[0.91299861]]
[[0.91393932]]
[[0.91490109]]
[[0.91584881]]
[[0.91678952]]
[[0.91775129]]
[[0.91870604]]
[[0.9196678]]
[[0.92060851]]
[[0.92157028]]
[[0.92253205]]
[[0.92349382]]
[[0.92443452]]
[[0.92538225]]
[[0.92632998]]
[[0.92728473]]
[[0.92823245]]
[[0.92919422]]
[[0.93014195]]
[[0.93110372]]
[[0.93205846]]
[[0.93302023]]
[[0.933982]]
[[0.93492973]]
[[0.9358915]]
[[0.93685326]]
[[0.93781503]]
[[0.93879084]]
[[0.93975963]]
[[0.94070736]]
[[0.94166912]]
[[0.94263089]]
[[0.94359266]]
[[0.94454741]]
[[0.94550918]]
[[0.94648498]]
[[0.94744675]]
[[0.94841554]]
[[0.94934923]]
[[0.95029695]]
[[0.95125872]]
[[0.95219943]]
[[0.95315418]]
[[0.95411595]]
[[0.95506367]]
[[0.95601842]]
[[0.95698721]]
[[0.95794196]]
[[0.95888266]]
[[0.95983039]]
[[0.9608062]]
[[0.96176095]]
[[0.96270868]]
[[0.96366342]]
[[0.96462519]]
[[0.96555888]]
[[0.96650661]]
[[0.96745433]]
[[0.96840206]]
[[0.96937085]]
[[0.97033964]]
[[0.97129439]]
[[0.97225615]]
[[0.97321792]]
[[0.97417969]]
[[0.97514146]]
[[0.97612429]]
[[0.97707903]]
[[0.97805484]]
[[0.97899555]]
[[0.97995732]]
[[0.98091206]]
[[0.98186681]]
[[0.98282858]]
[[0.98378333]]
[[0.98473808]]
[[0.98570686]]
[[0.98666161]]
[[0.98762338]]
[[0.98859217]]
[[0.98955394]]
[[0.99048762]]
[[0.99143535]]
[[0.9923901]]
[[0.99333081]]
[[0.99428555]]
[[0.9952403]]
[[0.99620909]]
[[0.99715682]]
[[0.99809752]]
[[0.99905929]]
[[1.]]
