[[0.]]
[[0.29735013]]
[[0.30245439]]
[[0.30799305]]
[[0.31353171]]
[[0.31711555]]
[[0.32015639]]
[[0.32276281]]
[[0.32591225]]
[[0.32884448]]
[[0.33210252]]
[[0.33481755]]
[[0.33829279]]
[[0.34155083]]
[[0.34437446]]
[[0.34730669]]
[[0.35023892]]
[[0.35197654]]
[[0.35371416]]
[[0.35545178]]
[[0.35773241]]
[[0.36066464]]
[[0.36261946]]
[[0.3658775]]
[[0.36891833]]
[[0.37119896]]
[[0.37271937]]
[[0.3747828]]
[[0.37717202]]
[[0.38010426]]
[[0.38195048]]
[[0.38466551]]
[[0.38662033]]
[[0.38835795]]
[[0.39194179]]
[[0.39367941]]
[[0.39693745]]
[[0.39954387]]
[[0.4019331]]
[[0.40410513]]
[[0.40562554]]
[[0.40910078]]
[[0.41138141]]
[[0.41333623]]
[[0.41605126]]
[[0.41833189]]
[[0.42017811]]
[[0.42191573]]
[[0.42365334]]
[[0.42625977]]
[[0.4289748]]
[[0.43049522]]
[[0.43288445]]
[[0.43527368]]
[[0.4372285]]
[[0.43874891]]
[[0.44059513]]
[[0.44254996]]
[[0.44450478]]
[[0.4460252]]
[[0.44754561]]
[[0.44917463]]
[[0.45123805]]
[[0.45373588]]
[[0.4553649]]
[[0.45742832]]
[[0.45960035]]
[[0.46101216]]
[[0.46307559]]
[[0.4647046]]
[[0.46644222]]
[[0.46850565]]
[[0.47067767]]
[[0.47230669]]
[[0.47371851]]
[[0.47534752]]
[[0.47697654]]
[[0.47914857]]
[[0.48099479]]
[[0.48305821]]
[[0.48501303]]
[[0.48718506]]
[[0.48805387]]
[[0.49022589]]
[[0.49218071]]
[[0.49435274]]
[[0.49641616]]
[[0.49804518]]
[[0.50108601]]
[[0.50336664]]
[[0.50412685]]
[[0.50586447]]
[[0.50727628]]
[[0.5086881]]
[[0.51042572]]
[[0.51259774]]
[[0.51400956]]
[[0.51552997]]
[[0.51694179]]
[[0.51900521]]
[[0.52117724]]
[[0.52204605]]
[[0.52367507]]
[[0.52552129]]
[[0.5271503]]
[[0.52888792]]
[[0.53095135]]
[[0.53279757]]
[[0.53486099]]
[[0.5357298]]
[[0.53801043]]
[[0.53985665]]
[[0.54170287]]
[[0.54333189]]
[[0.5445265]]
[[0.54582971]]
[[0.54724153]]
[[0.54908775]]
[[0.55071677]]
[[0.55278019]]
[[0.5539748]]
[[0.55506082]]
[[0.55668983]]
[[0.55766725]]
[[0.55907906]]
[[0.56103388]]
[[0.56168549]]
[[0.5627715]]
[[0.56494353]]
[[0.56635534]]
[[0.56809296]]
[[0.56896177]]
[[0.57048219]]
[[0.57232841]]
[[0.57330582]]
[[0.57504344]]
[[0.57656386]]
[[0.57786707]]
[[0.57917029]]
[[0.5805821]]
[[0.58253692]]
[[0.58340573]]
[[0.58449175]]
[[0.58612076]]
[[0.58829279]]
[[0.58992181]]
[[0.59111642]]
[[0.59241964]]
[[0.59317984]]
[[0.59415725]]
[[0.59600348]]
[[0.59698089]]
[[0.5985013]]
[[0.59947871]]
[[0.60110773]]
[[0.60295395]]
[[0.60371416]]
[[0.60523458]]
[[0.6070808]]
[[0.60794961]]
[[0.60870982]]
[[0.61044744]]
[[0.61196785]]
[[0.61294526]]
[[0.61403128]]
[[0.61522589]]
[[0.61685491]]
[[0.61815812]]
[[0.62011295]]
[[0.62130756]]
[[0.62282798]]
[[0.62347958]]
[[0.62445699]]
[[0.62554301]]
[[0.62630321]]
[[0.62717202]]
[[0.62793223]]
[[0.62890964]]
[[0.62977845]]
[[0.63097307]]
[[0.63281929]]
[[0.6342311]]
[[0.63596872]]
[[0.63716334]]
[[0.63792354]]
[[0.63944396]]
[[0.64042137]]
[[0.64172459]]
[[0.64237619]]
[[0.6431364]]
[[0.64433102]]
[[0.64541703]]
[[0.64639444]]
[[0.64748045]]
[[0.64813206]]
[[0.64900087]]
[[0.64997828]]
[[0.65117289]]
[[0.6519331]]
[[0.65312772]]
[[0.65410513]]
[[0.65508254]]
[[0.65627715]]
[[0.65703736]]
[[0.65812337]]
[[0.65877498]]
[[0.66007819]]
[[0.6608384]]
[[0.66149001]]
[[0.66225022]]
[[0.66311903]]
[[0.66398784]]
[[0.66561685]]
[[0.66648566]]
[[0.66778888]]
[[0.66854909]]
[[0.6698523]]
[[0.67115552]]
[[0.67213293]]
[[0.67300174]]
[[0.67419635]]
[[0.67560817]]
[[0.67636838]]
[[0.67712858]]
[[0.67788879]]
[[0.67908341]]
[[0.68006082]]
[[0.68125543]]
[[0.68147263]]
[[0.68223284]]
[[0.68299305]]
[[0.68407906]]
[[0.68516507]]
[[0.68603388]]
[[0.68701129]]
[[0.68798871]]
[[0.68885752]]
[[0.69005213]]
[[0.69070374]]
[[0.69222415]]
[[0.69341877]]
[[0.69417897]]
[[0.69504778]]
[[0.69559079]]
[[0.69711121]]
[[0.69787142]]
[[0.69874023]]
[[0.69960904]]
[[0.70047785]]
[[0.70123805]]
[[0.70275847]]
[[0.70395308]]
[[0.70449609]]
[[0.7057993]]
[[0.70721112]]
[[0.70807993]]
[[0.70894874]]
[[0.70960035]]
[[0.71046916]]
[[0.71155517]]
[[0.71264118]]
[[0.71340139]]
[[0.7141616]]
[[0.71535621]]
[[0.71687663]]
[[0.71752824]]
[[0.71872285]]
[[0.71959166]]
[[0.72035187]]
[[0.72122068]]
[[0.72219809]]
[[0.7235013]]
[[0.72393571]]
[[0.72480452]]
[[0.72578193]]
[[0.72708514]]
[[0.72795395]]
[[0.72882276]]
[[0.72980017]]
[[0.73088619]]
[[0.73164639]]
[[0.73273241]]
[[0.73349262]]
[[0.73425282]]
[[0.73501303]]
[[0.73555604]]
[[0.73642485]]
[[0.73729366]]
[[0.73870547]]
[[0.73957428]]
[[0.74011729]]
[[0.7407689]]
[[0.74185491]]
[[0.74261512]]
[[0.74359253]]
[[0.74424414]]
[[0.74489574]]
[[0.74576455]]
[[0.74652476]]
[[0.74706777]]
[[0.74761077]]
[[0.74804518]]
[[0.74847958]]
[[0.74934839]]
[[0.7502172]]
[[0.75086881]]
[[0.75173762]]
[[0.75271503]]
[[0.75390964]]
[[0.75445265]]
[[0.75521286]]
[[0.75597307]]
[[0.75684188]]
[[0.75771069]]
[[0.75803649]]
[[0.7590139]]
[[0.75966551]]
[[0.76020851]]
[[0.76064292]]
[[0.76096872]]
[[0.76194613]]
[[0.76238054]]
[[0.76314075]]
[[0.76422676]]
[[0.76552997]]
[[0.76618158]]
[[0.76683319]]
[[0.767702]]
[[0.7680278]]
[[0.76878801]]
[[0.76933102]]
[[0.77019983]]
[[0.77139444]]
[[0.77226325]]
[[0.77258905]]
[[0.77334926]]
[[0.77400087]]
[[0.77486968]]
[[0.77541268]]
[[0.77617289]]
[[0.7770417]]
[[0.77780191]]
[[0.77856212]]
[[0.77953953]]
[[0.78008254]]
[[0.78084275]]
[[0.78127715]]
[[0.78182016]]
[[0.78268897]]
[[0.78355778]]
[[0.78420938]]
[[0.78475239]]
[[0.7857298]]
[[0.78714162]]
[[0.78725022]]
[[0.78746742]]
[[0.78844483]]
[[0.78909644]]
[[0.78953084]]
[[0.79039965]]
[[0.79105126]]
[[0.79148566]]
[[0.79224587]]
[[0.79268028]]
[[0.79344049]]
[[0.79398349]]
[[0.7944179]]
[[0.79517811]]
[[0.79604692]]
[[0.79669852]]
[[0.79745873]]
[[0.79811034]]
[[0.79876195]]
[[0.79941355]]
[[0.79984796]]
[[0.80039096]]
[[0.80104257]]
[[0.80169418]]
[[0.80212858]]
[[0.80278019]]
[[0.80310599]]
[[0.8039748]]
[[0.80462641]]
[[0.80527802]]
[[0.80571242]]
[[0.80603823]]
[[0.80625543]]
[[0.80668983]]
[[0.80788445]]
[[0.80831885]]
[[0.80907906]]
[[0.80940487]]
[[0.80973067]]
[[0.80994787]]
[[0.81027368]]
[[0.81092528]]
[[0.81146829]]
[[0.81179409]]
[[0.81298871]]
[[0.81429192]]
[[0.81537793]]
[[0.81592094]]
[[0.81635534]]
[[0.81657255]]
[[0.81754996]]
[[0.81852737]]
[[0.81896177]]
[[0.81993918]]
[[0.82015639]]
[[0.82069939]]
[[0.8214596]]
[[0.82189401]]
[[0.82254561]]
[[0.82308862]]
[[0.82439183]]
[[0.82482624]]
[[0.82547785]]
[[0.82591225]]
[[0.82634666]]
[[0.82721546]]
[[0.82764987]]
[[0.82841008]]
[[0.82884448]]
[[0.82917029]]
[[0.82971329]]
[[0.8303649]]
[[0.8307993]]
[[0.83145091]]
[[0.83199392]]
[[0.83297133]]
[[0.83362294]]
[[0.83438315]]
[[0.83470895]]
[[0.83481755]]
[[0.83590356]]
[[0.83612076]]
[[0.83677237]]
[[0.83796699]]
[[0.83850999]]
[[0.8392702]]
[[0.83981321]]
[[0.84046481]]
[[0.84089922]]
[[0.84111642]]
[[0.84165943]]
[[0.84198523]]
[[0.84307124]]
[[0.84383145]]
[[0.84415725]]
[[0.84426586]]
[[0.84470026]]
[[0.84513467]]
[[0.84546047]]
[[0.84600348]]
[[0.84632928]]
[[0.84665508]]
[[0.84708949]]
[[0.84752389]]
[[0.8478497]]
[[0.8481755]]
[[0.8486099]]
[[0.84904431]]
[[0.84958732]]
[[0.84980452]]
[[0.85045613]]
[[0.85110773]]
[[0.85154214]]
[[0.85186794]]
[[0.85241095]]
[[0.85338836]]
[[0.85371416]]
[[0.85393136]]
[[0.85425717]]
[[0.85425717]]
[[0.85480017]]
[[0.85556038]]
[[0.85621199]]
[[0.85642919]]
[[0.8571894]]
[[0.8575152]]
[[0.8575152]]
[[0.85816681]]
[[0.85870982]]
[[0.85881842]]
[[0.85968723]]
[[0.86001303]]
[[0.86055604]]
[[0.86088184]]
[[0.86131625]]
[[0.86207646]]
[[0.86240226]]
[[0.86294526]]
[[0.86327107]]
[[0.86359687]]
[[0.86446568]]
[[0.86511729]]
[[0.86522589]]
[[0.86555169]]
[[0.8660947]]
[[0.8664205]]
[[0.86707211]]
[[0.86728931]]
[[0.86783232]]
[[0.86804952]]
[[0.86826672]]
[[0.86848393]]
[[0.86859253]]
[[0.86891833]]
[[0.86913553]]
[[0.86935274]]
[[0.87000434]]
[[0.87043875]]
[[0.87109036]]
[[0.87130756]]
[[0.87141616]]
[[0.87163336]]
[[0.87206777]]
[[0.87217637]]
[[0.87239357]]
[[0.87271937]]
[[0.87282798]]
[[0.87337098]]
[[0.87358818]]
[[0.87445699]]
[[0.8752172]]
[[0.8754344]]
[[0.87619461]]
[[0.87630321]]
[[0.87641182]]
[[0.87706342]]
[[0.87738923]]
[[0.87804083]]
[[0.87836664]]
[[0.87890964]]
[[0.87945265]]
[[0.87999566]]
[[0.88053866]]
[[0.88108167]]
[[0.88119027]]
[[0.88151607]]
[[0.88216768]]
[[0.88271069]]
[[0.88292789]]
[[0.88347089]]
[[0.8836881]]
[[0.8839053]]
[[0.8839053]]
[[0.8843397]]
[[0.88509991]]
[[0.88575152]]
[[0.88596872]]
[[0.88651173]]
[[0.88672893]]
[[0.88727194]]
[[0.88748914]]
[[0.88814075]]
[[0.88835795]]
[[0.88879235]]
[[0.88879235]]
[[0.88900956]]
[[0.88933536]]
[[0.89042137]]
[[0.89052997]]
[[0.89107298]]
[[0.89118158]]
[[0.89150738]]
[[0.89183319]]
[[0.89194179]]
[[0.89237619]]
[[0.8929192]]
[[0.8930278]]
[[0.89346221]]
[[0.89378801]]
[[0.89411381]]
[[0.89422242]]
[[0.89433102]]
[[0.89530843]]
[[0.89541703]]
[[0.89563423]]
[[0.89628584]]
[[0.89672024]]
[[0.89682884]]
[[0.89748045]]
[[0.89780626]]
[[0.89824066]]
[[0.89845786]]
[[0.89845786]]
[[0.89856646]]
[[0.89900087]]
[[0.89932667]]
[[0.89954387]]
[[0.89997828]]
[[0.90030408]]
[[0.90062989]]
[[0.90084709]]
[[0.90128149]]
[[0.9016073]]
[[0.9019331]]
[[0.90269331]]
[[0.90269331]]
[[0.90323632]]
[[0.90356212]]
[[0.90399652]]
[[0.90432233]]
[[0.90453953]]
[[0.90475673]]
[[0.90497394]]
[[0.90519114]]
[[0.90573414]]
[[0.90595135]]
[[0.90627715]]
[[0.90671156]]
[[0.90682016]]
[[0.90703736]]
[[0.90779757]]
[[0.90779757]]
[[0.90812337]]
[[0.90834057]]
[[0.90888358]]
[[0.90888358]]
[[0.90910078]]
[[0.90975239]]
[[0.90986099]]
[[0.90996959]]
[[0.91018679]]
[[0.9102954]]
[[0.9107298]]
[[0.91138141]]
[[0.91159861]]
[[0.91192441]]
[[0.91203301]]
[[0.91235882]]
[[0.91246742]]
[[0.91290182]]
[[0.91322763]]
[[0.91366203]]
[[0.91431364]]
[[0.91507385]]
[[0.91529105]]
[[0.91561685]]
[[0.91583406]]
[[0.91605126]]
[[0.91681147]]
[[0.91713727]]
[[0.91746308]]
[[0.91768028]]
[[0.91833189]]
[[0.91854909]]
[[0.91887489]]
[[0.91909209]]
[[0.9193093]]
[[0.9197437]]
[[0.92017811]]
[[0.92050391]]
[[0.92050391]]
[[0.92082971]]
[[0.92115552]]
[[0.92169852]]
[[0.92213293]]
[[0.92245873]]
[[0.92256733]]
[[0.92321894]]
[[0.92365334]]
[[0.92397915]]
[[0.92419635]]
[[0.92441355]]
[[0.92484796]]
[[0.92539096]]
[[0.92571677]]
[[0.92604257]]
[[0.92615117]]
[[0.92658558]]
[[0.92701998]]
[[0.92712858]]
[[0.92745439]]
[[0.92767159]]
[[0.92810599]]
[[0.9284318]]
[[0.9289748]]
[[0.92951781]]
[[0.92984361]]
[[0.93006082]]
[[0.93016942]]
[[0.93082103]]
[[0.93136403]]
[[0.93201564]]
[[0.93212424]]
[[0.93223284]]
[[0.93245004]]
[[0.93277585]]
[[0.93310165]]
[[0.93331885]]
[[0.93342745]]
[[0.93375326]]
[[0.93407906]]
[[0.93418766]]
[[0.93429626]]
[[0.93451347]]
[[0.93483927]]
[[0.93505647]]
[[0.93516507]]
[[0.93516507]]
[[0.93527368]]
[[0.93549088]]
[[0.93592528]]
[[0.93592528]]
[[0.93614248]]
[[0.93646829]]
[[0.9371199]]
[[0.9372285]]
[[0.9378801]]
[[0.93798871]]
[[0.93809731]]
[[0.93842311]]
[[0.93853171]]
[[0.93896612]]
[[0.93918332]]
[[0.93918332]]
[[0.93918332]]
[[0.93961772]]
[[0.93994353]]
[[0.94005213]]
[[0.94005213]]
[[0.94026933]]
[[0.94070374]]
[[0.94102954]]
[[0.94113814]]
[[0.94157255]]
[[0.94157255]]
[[0.94168115]]
[[0.94211555]]
[[0.94222415]]
[[0.94254996]]
[[0.94287576]]
[[0.94331017]]
[[0.94341877]]
[[0.94363597]]
[[0.94417897]]
[[0.94428758]]
[[0.94428758]]
[[0.94450478]]
[[0.94450478]]
[[0.94504778]]
[[0.94548219]]
[[0.94569939]]
[[0.94591659]]
[[0.9461338]]
[[0.9464596]]
[[0.9466768]]
[[0.94711121]]
[[0.94754561]]
[[0.94765421]]
[[0.94787142]]
[[0.94808862]]
[[0.94863162]]
[[0.94874023]]
[[0.94906603]]
[[0.94939183]]
[[0.94960904]]
[[0.94971764]]
[[0.94982624]]
[[0.94993484]]
[[0.95004344]]
[[0.95015204]]
[[0.95047785]]
[[0.95069505]]
[[0.95080365]]
[[0.95091225]]
[[0.95102085]]
[[0.95134666]]
[[0.95167246]]
[[0.95178106]]
[[0.95221546]]
[[0.95232407]]
[[0.95254127]]
[[0.95264987]]
[[0.95275847]]
[[0.95319288]]
[[0.95373588]]
[[0.95373588]]
[[0.95373588]]
[[0.95406169]]
[[0.95427889]]
[[0.95438749]]
[[0.95471329]]
[[0.9550391]]
[[0.9554735]]
[[0.95590791]]
[[0.95634231]]
[[0.95666811]]
[[0.95677672]]
[[0.95688532]]
[[0.95710252]]
[[0.95742832]]
[[0.95786273]]
[[0.95797133]]
[[0.95807993]]
[[0.95818853]]
[[0.95840573]]
[[0.95840573]]
[[0.95851434]]
[[0.95862294]]
[[0.95884014]]
[[0.95916594]]
[[0.95938315]]
[[0.95970895]]
[[0.95970895]]
[[0.96025195]]
[[0.96046916]]
[[0.96057776]]
[[0.96068636]]
[[0.96079496]]
[[0.96112076]]
[[0.96122937]]
[[0.96144657]]
[[0.96144657]]
[[0.96155517]]
[[0.96188097]]
[[0.96188097]]
[[0.96198957]]
[[0.96220678]]
[[0.96242398]]
[[0.96264118]]
[[0.96264118]]
[[0.96285838]]
[[0.96285838]]
[[0.96318419]]
[[0.96329279]]
[[0.96361859]]
[[0.96361859]]
[[0.9642702]]
[[0.9642702]]
[[0.964596]]
[[0.9647046]]
[[0.96492181]]
[[0.96503041]]
[[0.96546481]]
[[0.96557341]]
[[0.96568202]]
[[0.96579062]]
[[0.96622502]]
[[0.96633362]]
[[0.96687663]]
[[0.96731103]]
[[0.96752824]]
[[0.96785404]]
[[0.96807124]]
[[0.96850565]]
[[0.96872285]]
[[0.96894005]]
[[0.96937446]]
[[0.96959166]]
[[0.96970026]]
[[0.96991746]]
[[0.97024327]]
[[0.97056907]]
[[0.97067767]]
[[0.97078627]]
[[0.97089487]]
[[0.97111208]]
[[0.97132928]]
[[0.97132928]]
[[0.97154648]]
[[0.97165508]]
[[0.97241529]]
[[0.97274109]]
[[0.9730669]]
[[0.9731755]]
[[0.9736099]]
[[0.97382711]]
[[0.97415291]]
[[0.97437011]]
[[0.97458732]]
[[0.97469592]]
[[0.97491312]]
[[0.97556473]]
[[0.97578193]]
[[0.97599913]]
[[0.97610773]]
[[0.97610773]]
[[0.97643354]]
[[0.97665074]]
[[0.97697654]]
[[0.97697654]]
[[0.97719374]]
[[0.97719374]]
[[0.97719374]]
[[0.97741095]]
[[0.97773675]]
[[0.97806255]]
[[0.97827976]]
[[0.97849696]]
[[0.97871416]]
[[0.97871416]]
[[0.97903997]]
[[0.97914857]]
[[0.97925717]]
[[0.97958297]]
[[0.98012598]]
[[0.98034318]]
[[0.98045178]]
[[0.98056038]]
[[0.98077758]]
[[0.98099479]]
[[0.98121199]]
[[0.98132059]]
[[0.981755]]
[[0.9821894]]
[[0.9821894]]
[[0.9824066]]
[[0.9825152]]
[[0.98273241]]
[[0.98305821]]
[[0.98316681]]
[[0.98338401]]
[[0.98360122]]
[[0.98370982]]
[[0.98403562]]
[[0.98425282]]
[[0.98468723]]
[[0.98501303]]
[[0.98523023]]
[[0.98533884]]
[[0.98555604]]
[[0.98588184]]
[[0.98620765]]
[[0.98631625]]
[[0.98642485]]
[[0.98675065]]
[[0.98696785]]
[[0.98707646]]
[[0.98740226]]
[[0.98761946]]
[[0.98783666]]
[[0.98794526]]
[[0.98805387]]
[[0.98827107]]
[[0.98837967]]
[[0.98870547]]
[[0.98892268]]
[[0.98903128]]
[[0.98913988]]
[[0.98913988]]
[[0.98924848]]
[[0.98957428]]
[[0.98968288]]
[[0.98990009]]
[[0.99011729]]
[[0.99033449]]
[[0.99033449]]
[[0.99055169]]
[[0.9906603]]
[[0.9906603]]
[[0.9908775]]
[[0.9913119]]
[[0.9913119]]
[[0.9913119]]
[[0.99152911]]
[[0.99163771]]
[[0.99185491]]
[[0.99207211]]
[[0.99228931]]
[[0.99261512]]
[[0.99283232]]
[[0.99315812]]
[[0.99348393]]
[[0.99391833]]
[[0.99402693]]
[[0.99413553]]
[[0.99424414]]
[[0.99435274]]
[[0.99435274]]
[[0.99456994]]
[[0.99478714]]
[[0.99500434]]
[[0.99533015]]
[[0.99533015]]
[[0.99554735]]
[[0.99565595]]
[[0.99641616]]
[[0.99652476]]
[[0.99695917]]
[[0.99717637]]
[[0.99717637]]
[[0.99717637]]
[[0.99717637]]
[[0.99728497]]
[[0.99750217]]
[[0.99771937]]
[[0.99782798]]
[[0.99793658]]
[[0.99804518]]
[[0.99804518]]
[[0.99826238]]
[[0.99837098]]
[[0.99858818]]
[[0.99869679]]
[[0.99880539]]
[[0.99945699]]
[[1.]]
